4,96150732
4,931981564
4,8531394
4,958530426
5,205623627
5,426265717
5,690792084
5,986812592
6,283321381
6,586421967
6,885128021
7,16979599
7,455440521
7,732772827
8,001693726
8,267318726
8,542953491
8,80430603
9,048324585
9,290267944
9,555648804
9,781967163
10,01548767
10,24351501
10,46604919
10,69493103
10,94200134
11,19297791
11,42320251
11,67332458
11,91233826
12,13780212
12,35606384
12,56773376
12,79270935
13,01890564
13,25791931
13,49546814
13,72093201
13,93418884
14,17271423
14,39622498
14,63340759
14,87400818
15,08799744
15,29954529
15,53013611
15,77061462
15,99021912
16,20762634
16,42478943
16,63853455
16,8513031
17,0811615
17,29917908
17,53831482
17,77452087
17,98838806
18,22496033
18,46739197
18,69017029
18,91430092
19,13390541
19,36120033
19,58886147
19,83605385
20,07799721
20,3267765
20,56762123
20,81127357
21,03539467
21,28991127
21,54198647
21,7684269
22,01745033
22,25292397
22,48473549
22,7050724
22,96434975
23,22472572
23,47313881
23,72887611
23,97094154
24,20153236
24,45824623
24,6903019
24,9205265
25,15026283
25,38378334
25,61327553
25,87536049
26,14623451
26,3880558
26,6446476
26,91124916
27,14953041
27,38915443
27,63158607
27,87755775
28,14550209
28,42174721
28,69652748
28,94664955
29,20067787
29,47496986
29,73131752
30,00939369
30,26647377
30,52770424
30,81274986
31,1053524
31,39795494
31,65711021
31,92590904
32,18945694
32,45068741
32,7406044
33,03076553
33,29944229
33,5999794
33,87451553
34,16870499
34,47388077
34,77405167
35,05102921
35,35766983
35,67456436
35,96081924
36,24365616
36,56018448
36,84961319
37,16675186
37,48523331
37,77368546
38,06616592
38,39307022
38,68811417
39,0251503
39,33130264
39,63428116
39,93945694
40,24731827
40,57886124
40,92285538
41,26636124
41,61096573
41,92175674
42,24109268
42,58874893
42,91614151
43,24475479
43,57898331
43,91077042
44,25525284
44,62390518
44,9906044
45,3590126
45,73242188
46,10644531
46,45019531
46,80126953
47,15478516
47,5065918
47,85620117
48,21508789
48,57373047
48,93286133
49,33056641
49,73779297
50,14208984
50,54711914
50,92480469
51,30249023
51,70996094
52,12841797
52,52294922
52,90795898
53,34033203
53,74536133
54,17431641
54,60839844
55,00610352
55,41503906
55,8137207
56,22680664
56,67895508
57,14135742
57,56005859
57,98242188
58,41088867
58,83251953
59,2590332
59,68652344
60,16674805
60,64892578
61,13500977
61,62866211
62,07592773
62,52832031
62,98168945
63,42944336
63,92773438
64,44482422
64,90991211
65,38916016
65,9161911
66,45427704
66,99065399
67,53093719
68,03118134
68,52849579
69,08293915
69,63567352
70,1439743
70,64812469
71,15789032
71,66082001
72,17327118
72,74895477
73,28093719
73,81096649
74,40007782
74,99504852
75,53582001
76,12346649
76,71526337
77,32024384
77,92839813
78,54680634
79,12200165
79,70159149
80,28044891
80,86443329
81,50774384
82,15642548
82,75554657
83,41790009
84,08538055
84,76384735
85,45134735
86,08245087
86,70671844
87,33879852
88,04094696
88,74211884
89,3861618
90,11956024
90,84856415
91,58000946
92,32952118
93,07805634
93,76604462
94,45842743
95,16408539
95,87160492
96,58937836
97,36818695
98,16652679
98,96974945
99,77639008
100,5107651
101,2583237
102,0068588
102,7558823
103,5884018
104,368187
105,1499252
105,9341049
106,8066635
107,6914291
108,5849838
109,4848862
110,3071518
111,1382065
111,9726791
112,8208237
113,6699448
114,5381088
115,4233627
116,3008041
117,2739487
118,2651596
119,2881088
120,2070541
121,2392807
122,1855698
123,1528549
124,1196518
125,102562
126,1006088
127,2158432
128,3217926
129,4423981
130,4775543
131,6220856
132,6753082
133,7407379
134,9282379
136,023941
137,1220856
138,336441
139,5780487
140,8329315
142,1024628
143,3871307
144,5770721
145,8939667
147,2176971
148,4437714
149,6825409
151,0511932
152,4237518
153,8221893
155,2606659
156,5809784
158,0448456
159,5301971
160,8964081
162,2489471
163,7440643
165,1200409
166,653244
168,1942596
169,7645721
171,3749237
172,9735565
174,5692596
176,1835175
177,6952362
179,2264862
180,8114471
182,5682831
184,3573456
186,16008
187,9628143
189,8075409
191,5087128
193,403244
195,3153534
197,0878143
198,8710175
200,6796112
202,4940643
204,5175018
206,5868378
208,6825409
210,7762909
212,9159393
215,0876617
217,0769196
219,2937164
221,3532867
223,6433258
225,9616852
228,3269196
230,5144196
232,9480133
235,4265289
237,9245758
240,4646149
242,8239899
245,1872711
247,5720367
250,0153961
252,4997711
254,997818
257,782959
260,3630371
263,2282715
266,1013184
269,0310059
271,6911621
274,6306152
277,251709
280,1931152
283,2321777
286,095459
288,986084
292,3063965
295,6618652
299,048584
302,4567871
305,9528809
309,4802246
313,0388184
316,6774902
320,0603027
323,8649902
327,7185059
331,6286621
335,5895996
339,2185059
343,2321777
347,3200684
351,5114746
355,8010254
360,138916
364,1486816
368,2443848
372,7971191
377,4455566
382,2092285
386,6330566
391,0881348
395,5939941
400,6350098
405,3400879
410,0959473
415,4025879
420,8537598
425,9123535
431,513916
437,2404785
443,0959473
449,0646973
455,107666
461,3186035
467,654541
474,0959473
480,6467285
487,3850098
494,2990723
501,3225098
508,4709473
515,8146973
523,3537598
530,9943848
538,842041
546,1740723
554,3381348
562,5725098
571,0646973
579,7404785
588,5529785
597,5529785
606,8225098
616,3342285
626,0061035
635,951416
646,2131348
656,685791
667,3024292
678,2164917
689,3805542
700,7321167
712,3649292
724,3258667
736,5680542
749,0446167
761,8961792
773,9118042
786,1696167
798,5602417
811,2086792
825,5133667
840,0758667
854,9664917
870,4039917
886,2711792
902,4586792
919,2243042
936,5055542
954,2008667
972,2946167
990,8805542
1010,060242
1029,708618
1049,911743
1070,911743
1092,544556
1114,622681
1135,388306
1156,778931
1178,544556
1200,794556
1225,997681
1251,888306
1278,325806
1305,622681
1333,919556
1363,107056
1392,982056
1423,810181
1455,810181
1488,513306
1522,278931
1557,294556
1593,233887
1630,062012
1668,405762
1708,093262
1745,140137
1787,202637
1830,843262
1875,874512
1921,968262
1969,937012
2019,624512
2070,562012
2123,374512
2178,405762
2235,187012
2293,874512
2354,905762
2417,874512
2482,780762
2550,187012
2620,437012
2692,593262
2767,530762
2845,718262
2926,124512
3009,187012
3095,562012
3184,249512
3275,062012
3362,624512
3449,593262
3488,827637
3502,443848
3511,34668
3359,713867
3182,56543
3016,37793
2858,37793
2715,56543
2589,87793
2471,37793
2369,12793
2272,87793
2183,00293
2098,75293
2019,15918
1945,03418
1875,40918
1809,69043
1747,90918
1690,00293
1634,97168
1582,81543
1533,59668
1486,69043
1441,81543
1399,19043
1358,62793
1319,643555
1282,44043
1247,03418
1213,12793
1180,456055
1149,237305
1119,40918
1087,768555
1060,049805
1033,44043
1007,81543
982,9248047
958,9560547
936,0029297
913,8623047
892,4091797
871,7841797
851,9560547
832,8154297
814,2373047
796,3779297
779,1748047
762,4716797
744,6435547
729,0419922
713,9717407
699,2686157
685,0108032
671,2686157
657,9483032
644,9404907
632,3389282
620,1358032
608,3154907
596,7764282
585,6045532
574,7764282
564,3154907
554,0811157
544,163147
534,569397
525,2451782
516,1045532
507,2217407
498,5967407
490,194397
481,9678345
473,9795532
466,2373657
458,694397
451,2959595
444,0967407
437,1045532
430,2764282
423,585022
417,0654907
410,7139282
404,5186157
398,4014282
392,428772
386,6240845
380,9561157
374,8311157
368,881897
363,100647
357,4170532
352,3311157
347,366272
342,5186157
337,7608032
333,0830688
328,5147095
324,0615845
319,6807251
315,3526001
311,1322021
307,005249
302,942749
298,942749
295,036499
291,2200928
287,4818115
283,7904053
280,1810303
276,6419678
273,1634521
269,7161865
266,333374
263,0091553
259,7513428
256,5228271
253,3646088
250,2884369
247,2728119
244,2767181
241,0501556
237,8978119
234,7942963
232,0052338
229,2884369
226,6380463
224,0149994
221,4271088
218,8919525
216,3978119
213,9388275
211,5110931
209,1282806
206,7835541
204,4808197
202,2005463
199,9632416
197,765976
195,609726
193,4788666
191,3802338
189,3401947
187,3255463
185,328476
183,3626556
181,4339447
179,5208588
177,63414
175,7806244
173,9524994
172,1611938
170,3926392
168,656311
166,9541626
165,2852173
163,6289673
161,9893188
160,3779907
158,7852173
157,0606079
155,3526001
153,8213501
152,312561
150,8154907
149,3291626
147,8731079
146,4414673
145,0264282
143,6358032
142,2666626
140,9111938
139,5820923
138,2559204
136,8213501
135,5293579
134,265686
132,9981079
131,756897
130,5327759
129,3369751
128,1470337
126,9736938
125,7085571
124,4619751
123,2197876
121,9932251
120,9014282
119,8184204
118,7368774
117,6680298
116,6265259
115,5957642
114,5664673
113,4629517
112,3770142
111,3052368
110,2295532
109,2720337
108,3267212
107,3927155
106,4591217
105,5509186
104,6500397
103,7555084
102,7862701
101,8394928
100,9176178
99,99232483
99,1700592
98,35218811
97,54212952
96,73890686
95,93910217
95,14222717
94,35853577
93,58314514
92,74085999
91,90541077
91,09291077
90,28529358
89,54896545
88,82435608
88,11683655
87,40736389
86,70619202
86,00990295
85,32875061
84,57728577
83,89808655
83,16371155
82,4410553
81,71937561
81,07337952
80,43031311
79,80140686
79,1688385
78,54676819
77,926651
77,24525452
76,57606506
75,91932678
75,33094788
74,74720764
74,1778717
73,60023499
73,02674866
72,4098053
71,85274506
71,23751068
70,6264267
70,01876068
69,41182709
68,86544037
68,32833099
67,79976654
67,28218842
66,76461029
66,2057724
65,69747162
65,14229584
64,58394623
64,08638763
63,54390717
63,0092392
62,47676849
62,00606537
61,53292084
61,07076263
60,60884857
60,15816498
59,66085052
59,21871185
58,76680756
58,32247162
57,87471771
57,39791107
56,96016693
56,52510834
56,09249115
55,67525482
55,24922943
54,82784271
54,41866302
53,97603607
53,52632904
53,08174896
52,68721771
52,29219818
51,86348724
51,46968842
51,09102631
50,67159271
50,28658295
49,91500092
49,54586029
49,14791107
48,74071884
48,37694931
48,01977158
47,62792587
47,26757431
46,91918564
46,53661728
46,19067001
45,81322861
45,47118759
45,13158798
44,79735947
44,42943954
44,09850693
43,74230576
43,39318466
43,04137802
42,72082138
42,41039658
42,10058212
41,78918076
41,48058701
41,18285751
40,84753036
40,51354599
40,18554306
39,85815048
39,52465439
39,20275497
38,9066124
38,63158798
38,34887314
38,07409286
37,79552841
37,52013779
37,2359581
36,9300499
36,62597275
36,32726669
36,03637314
35,76012802
35,49560165
35,22802353
34,97021103
34,70824814
34,45031357
34,18774033
33,90844345
33,62299728
33,34150314
33,07465744
32,81379318
32,57136154
32,32978439
32,09931564
31,85847092
31,58613205
31,35383224
31,0990715
30,84760666
30,59992599
30,37263107
30,1336174
29,90156174
29,67206955
29,4428215
29,21601486
28,99921799
28,75642014
28,51923752
28,28742599
28,05830002
27,82123947
27,6114006
27,38947678
27,17499924
26,96870041
26,76411057
26,53754807
26,31794357
26,09601974
25,86738205
25,63850021
25,41852951
25,21589279
25,01691818
24,82819748
24,63422775
24,43574142
24,2429924
24,03767014
23,81940842
23,61164474
23,41169357
23,19721603
22,99140549
22,80512619
22,61518478
22,4148674
22,22199631
22,03620529
21,84846115
21,64985275
21,46210861
21,26716232
21,07600021
20,87714767
20,69129562
20,51307297
20,33973312
20,1638298
19,99573898
19,81959152
19,63331223
19,44276047
19,25794601
19,08301926
18,9247551
18,75764084
18,60303879
18,42798996
18,2653923
18,10663986
17,93476486
17,77021408
17,60725021
17,43153
17,25416183
17,08021164
16,93458176
16,77772141
16,62549973
16,47352219
16,29590988
16,14240646
15,97779465
15,82618332
15,68128586
15,54487228
15,40589523
15,24305344
15,08924484
14,93842697
14,78028774
14,62354946
14,46772671
14,3312521
14,18623257
14,04621792
13,90974331
13,7722311
13,61762905
13,47999477
13,3302145
13,18293667
13,04035854
12,89173794
12,77162075
12,64198208
12,51710415
12,3904562
12,27046108
12,12342739
11,97920132
11,85237026
11,71186733
11,57429409
11,45240688
11,32459927
11,20338345
11,0814352
10,96046352
10,83589077
10,71467495
10,57337856
10,43476772
10,29926968
10,18220425
10,05372524
9,925002098
9,812697411
9,699538231
9,591139793
9,484267235
9,365736961
9,239394188
9,11512661
8,990553856
8,869582176
8,755263329
8,656813622
8,54864502
8,441772461
8,339172363
8,237121582
8,127746582
8,025634766
7,907653332
7,801696301
7,684508801
7,585448742
7,491149426
7,39508009
7,299865246
7,205688
7,093078136
6,967345715
6,854186535
6,734191418
6,617492199
6,51238966
6,426879406
6,325622082
6,226256847
6,12176466
6,011718273
5,90124464
5,793456554
5,695067883
5,599761486
5,500304699
5,408996105
5,32690382
5,279845715
5,271972179
5,249541759
5,093183517
5,095518112